cyclist 0 1 1.9282063531597593 1592.471802 142.777039 1632.150025 209.616837 1.41757 0.397685 1.590111 16.145233981 -8.14455862572 69.622363996 2.15607591026
car 0 0 -1.51435750826211 895.239136 100.040535 960.173889 160.525208 1.428957 1.79933 4.26636 -1.32246069157 -11.8048037747 87.6414740421 -1.52944580235
car 0 0 4.6186385288763105 970.65387 592.088684 1233.723389 874.641296 1.050537 1.840151 4.396938 1.04055703866 1.88766092789 23.8994780405 4.66214995109
trafficcone 0 2 0.14972977576887508 581.970947 161.362091 590.390442 184.197388 0.556619 0.303031 0.164059 -10.5684911162 -9.47626164678 76.0587749812 0.0116621943044
car 0 0 1.9085637101484167 0 155.179733 20.718794 228.069259 1.307489 1.646592 4.238645 -25.9432348759 -8.029950632 71.0736818413 1.55857220527
trafficcone 0 0 -0.1738101318362211 1488.751099 165.372314 1496.526856 195.103057 0.703271 0.313745 0.130465 13.8075057896 -8.84284568094 73.1353852509 0.0127873644091
trafficcone 0 0 -0.24473873532995766 1693.865723 198.0289 1704.189576 232.145096 0.703305 0.317486 0.128071 16.838451664 -6.93072952925 63.9335396131 0.0127873644092
trafficcone 0 0 0.1473625438958185 614.991028 184.138535 622.603211 205.842087 0.483157 0.319272 0.128956 -8.94610644006 -8.25104846715 70.349669782 0.020875159622
car 0 0 1.830665121049186 120.73365 160.131439 235.114975 251.749374 1.537338 1.427553 4.265529 -18.4308110908 -6.82047516754 64.6142986789 1.55280073672
trafficcone 0 0 -0.20692128657922687 1591.38855 197.255051 1601.43335 232.615387 0.731343 0.329301 0.136948 14.5129203441 -6.94339369408 64.1386420859 0.0156056324033
pedestrian 0 1 0.1295191557692847 561.181519 84.21563 580.646546 131.352494 1.418344 0.385965 0.533902 -13.2408917548 -13.079669156 91.7699334109 -0.013775497604
car 0 0 4.486939969717412 1278.273682 519.774414 1527.363404 736.610413 0.934001 1.481021 4.373312 4.18283713632 1.09791032533 27.4322131382 4.63825350635
car 0 0 4.630997405865044 922.029419 350.753357 1059.145508 490.651672 1.128568 1.571269 3.686599 0.24051942887 -1.15686554966 37.8944573474 4.63734440793
trafficcone 0 0 -0.16829010279542841 1472.911865 160.699875 1480.767578 190.03122 0.722185 0.202962 0.158586 13.7307280916 -9.19105011798 74.9973296981 0.0127873644092
trafficcone 0 0 2.9223412517567207 1729.99585 175.822037 1739.583252 206.003052 0.683046 0.33142 0.135912 19.4140642946 -8.2367869426 70.2561622294 3.19194589902
trafficcone 0 0 0.25222023205033406 104.492027 460.078033 131.260498 547.179565 0.935501 0.328419 0.163893 -10.2874392881 -0.0775348221715 33.4619133287 -0.0460457026043
trafficcone 0 0 -0.19212619303604758 1540.266357 184.038483 1550.421264 216.686768 0.714679 0.317115 0.163839 14.0905467376 -7.70360592509 67.7982168247 0.0127873644092
trafficcone 0 0 -0.18594064355176868 1522.799194 177.388229 1532.203369 209.086609 0.712861 0.310634 0.155722 14.0073718161 -8.08134772035 69.5548038642 0.0127873644092
unknown_unmovable 1 1 0.2562515698776034 0 453.132721 171.708801 527.93988 0.723227 0.63797 2.098125 -11.2383872726 -0.36288769283 34.9469990538 -0.0548873586562
cyclist 0 1 1.3331321804599703 1555.558105 140.734238 1588.070434 207.586518 1.389726 0.376519 1.618939 14.8849813077 -8.06938709037 68.545489079 1.54696701192
car 0 1 1.8049475045256693 238.262344 94.239738 308.942443 144.147369 1.238215 1.303076 4.3357 -23.6787313974 -13.1816172669 94.1558488142 1.55857220527
car 0 1 -1.3914439136857952 133.357193 662.747009 427.460953 909.028869 0.587977 1.53985 4.31199 -5.5008065606 1.99645718869 22.5724043589 -1.63048073634
car 0 1 1.7901415489517736 77.675125 140.869904 176.167679 207.772843 1.262874 1.568968 4.372736 -22.8540322658 -8.98913191305 75.152066136 1.49492402462
trafficcone 0 0 4.310578243219978 1876.361694 425.415405 1898.426025 484.883758 0.677784 0.110565 0.354161 12.0833077852 -0.85110139908 36.4816952444 4.63042165805
car 0 0 1.8056360983541258 269.155212 122.557396 351.136749 179.682541 1.178149 1.326128 4.267669 -19.3009902698 -10.4179582255 81.0503999561 1.57185466702
trafficcone 0 0 -0.17998052464326506 1505.545044 172.110458 1515.139282 202.228027 0.688141 0.376281 0.158611 13.9324775314 -8.4619745753 71.3784547803 0.0127873644092
unknown_unmovable 0 2 0.1600698143738532 517.697632 176.765442 619.963806 208.114929 0.667244 0.654098 2.52762 -10.4092013596 -8.38987572257 71.7430604392 0.0159852372404
trafficcone 0 0 2.9482303424955756 1653.987183 170.960602 1662.482911 201.102875 0.689819 0.380922 0.115462 17.7650468922 -8.49672193329 71.4435904029 3.19194589902
car 0 1 1.8266076056377416 168.602936 114.712036 249.427567 174.499435 1.314079 1.230943 4.409003 -23.160977388 -10.98211756 84.3308434261 1.55857220527
pedestrian 0 1 2.9629500931573474 1498.509766 132.767944 1515.598267 200.745544 1.589264 0.603618 0.287218 13.9329092887 -8.5712279717 71.8922318249 3.15437967995
motorcyclist 0 0 3.015258356616324 1361.880737 124.598671 1432.411865 189.748398 1.605262 0.545158 1.830446 11.7377756558 -9.36868083571 76.1816806058 3.16813229925
car 0 0 1.7669184342615347 348.115417 81.537514 420.244293 141.467453 1.562011 1.520905 4.253749 -19.8437026042 -13.2225633635 93.8617521132 1.55857220527
car 2 0 -1.3293819584860662 0 900.342224 360.979279 1079.0 1.194723 1.846462 4.26717 -5.01376932703 3.87355833665 16.8744632831 -1.61819602934
motorcyclist 0 0 1.0572961312474474 1828.030273 165.831726 1890.67395 244.225723 1.504853 0.731697 1.297061 20.0705565558 -6.59265498604 62.558902022 1.36774866682
car 2 0 4.356751382535128 1504.544434 841.522339 1919.0 1079.0 1.021213 2.002428 4.689239 5.09539554767 3.52550658396 18.0438690466 4.63197430547
trafficcone 0 0 2.8940482363100624 1815.416016 178.093338 1823.916748 206.621353 0.630209 0.37132 0.084069 21.2551528723 -8.10383554511 69.2273056429 3.19194589902
unknown_unmovable 1 0 1.800230683523271 0 505.640137 107.353737 594.800782 0.755324 2.449901 0.616669 -11.2291533271 0.358060356485 31.7283700885 1.46007217759
car 0 1 1.8638575041591865 52.360523 119.201958 141.269382 179.982956 1.344381 1.324234 4.282558 -26.5669766435 -10.8202872878 84.3029886197 1.55857220527
unknown_unmovable 0 0 1.708093298066508 509.027985 187.056747 611.058716 222.271164 0.731278 2.423255 0.508282 -10.1570399869 -7.68146583656 68.5168871482 1.56092368461
trafficcone 0 0 0.1534713286149113 571.801819 169.2341 579.654663 187.333007 0.417294 0.318931 0.143175 -10.4836583243 -9.07217047263 73.4317229671 0.0116621943044
trafficcone 0 0 -0.1988399171610277 1559.522583 190.719772 1569.977417 223.604049 0.700806 0.312516 0.162705 14.1910803481 -7.35079331235 66.0528764579 0.0127873644093
tricyclist 0 0 1.6568769322138992 746.316589 87.787971 776.903686 119.363761 0.924314 0.925704 2.023283 -7.65429689971 -14.9362756923 101.471201049 1.5815863265
trafficcone 0 0 -0.06161275969480966 783.333069 104.776215 792.109314 123.259354 0.592512 0.303323 0.279832 -6.592954547 -14.4845885357 99.7485040011 -0.1276125351
trafficcone 0 0 -0.27293265698619196 1778.183716 197.463654 1787.970825 231.544693 0.698734 0.372229 0.08724 18.8204915812 -6.96116018152 64.0681026746 0.0127873644092
trafficcone 0 0 0 1489.28415375 110.815971257 1502.10682403 132.689938202 0 0 0 0.0 0.0 0.0 0.0
trafficcone 0 0 0 1342.57772027 114.587344868 1353.89184111 138.72413598 0 0 0 0.0 0.0 0.0 0.0
motorcyclist 0 0 0 434.232999471 20.8045134684 449.982255672 60.44919287 0 0 0 0.0 0.0 0.0 0.0
trafficcone 0 1 0 608.197697267 184.404095296 616.382101806 213.958889462 0 0 0 0.0 0.0 0.0 0.0
